01001001000000000000000000000000000000001000100010000000000000000000000000
00001001000001100010000010000000000000001000110010000000000000000000000000
00011110110000000001000011011000000000001000100010000000010000110000000000
00011110110000000001000011011000000000001000100010000000000100110000000100
01101010000000000000000000000000000000001000100010000000000000000000000000
00001001000001100010000010000010000000001000110010000000000000000000000000
00011110110000000001000011011000001000001000100010000000001100110000000000
00011110110000000001000011011000001000001000100010000000001000110000000100
00011110110001000000000000000000000000000000101000000000100100110000000000
00001001000001100010000010000100000000001000110010000000000000000000000000
00000000000000000000000000000000000000001000100010000000000000000000000000
00000000000000000000000000000000000000001000100010000000000000000000000000
00010011110000000010010011000110000000001000100010000000000000000000000000
00001001000001100000100010000000000000001000110010000000000000000000000000
00001001000001000001000000101000001000001000110010000000000000000000000000
00010010000000000000000000000000000000001101010010000000000000000000000000
00101000000000000000000000000001110000001000100010000000000000000000000000
00101000100000000000000000000001100000001000100010000000000000000000000000
00011110110000011000000000000000000000001000100010000000000000110000000000
00011110110000011000000000000000000000001000100010000000000000110000000000
00001001000001011000010111000000000000001000100010000000000000000000000000
00001001000001011000010100110000001000001000100010000000000000000000000000
00001001000000010000010000100000001000001000100010000000000000000000000000
00001000001000000010000000000110010000001000100010000000000000000000000000
00001000101000000010000000000110000000001000100010000000000000000000000000
00101100101000000000000000000001010000001000100010000000000000000000000000
00000000000000000000000000000000000000001000100010000000000000000000000000
00001001000001100100000000000000010000001000110010000000000000000000000000
00101110001001001000000100000001000000001000100010000000000000000000000000
00101110101000000000000000000001000000001000100010000000000000000000000000
00001001000000010100001000000000010000001000100010000000000000000000000000
00001001000001100100000000000000000000001000110010000000000000000000000000
10000000000010000000000000000000000000001000100010000000000000000000000000
00110000101000000000000000000001010000001000100010000000000000000000000000
00000000000000000000000000000000000000001000100010000000000000000000000000
00010000000100000100000000000000010000001000100010000000000000000000000000
00011110110000000001000000000000000000001000100010000000010100110000000000
00011101000000010000011000000000000001001101010011000001000000000000000000
00011101000000011000000000000000000000001000100010000000000000000000000000
00001001000000010000010011000110000000001000100010000000000000000000000000
00010011000000010000011000000000000000001101010011000001000000000000000000
00110100101000000000000000000001010000001000100010000000000000000000000000
00011110111000000000000000000000010010000001100100100000011000110000000110
00001001000000010100001000000000010000001000100010000000000000000000000000
00110110001000000000000000000001010000001000100010000000000000000000000000
00110110100000000000000000000001110000001000100010000000000000000000000001
00011110001000000000000000000000000000000000000000000000000000000000110000
00011110110000001000000000000000000000001000100010000000100000110000000000
00011101000000010000011000000000000000101101010011000001000000000000000000
00111000100000000000000000000001110000001000100010000000000000000000000001
00011110110001000000000000000000000000000000101000000000101000110000000000
00011110111001011000000000000000010010000000100100000010011100110000000110
00001001000001000100000000000000010000000000010110110000000000000000000000
00111010101000000000000000000001010000001000100010000000000000000000000000
00010000100000000000000000000000000100001000100010000000000000000000000000
00011001000000010100001000000000010000001000100010000000000000000000000000
00011101000000010000011000000000000000011101010011000001000000000000000000
00111100101000000000000000000001010000001000100010000000000000000000000000
00010101000000000000000000000000000000001100000010100000000000000000000000
00011010010000000000000000000000000000000000101000000000000000000000000000
00111110000000000000000000000001110000001000100010000000000000000000010000
00010110010000000000000000000000000000001100000010000000000001001001000000
00000000010000000000000000000000000000001000110010000000000010000100000000
00000000000000000000000000000000000000001000110010000000000000000000000000
